0.001000 876.833059
0.010000 826.184732
0.020000 775.636190
0.030000 730.270913
0.040000 689.366142
0.050000 652.323939
0.001000 1009.651843
0.010000 929.036139
0.020000 851.848597
0.030000 785.249506
0.040000 727.290956
0.050000 676.463900
0.001000 872.512406
0.010000 788.646488
0.020000 710.777826
0.030000 645.470880
0.040000 590.033873
0.050000 542.475928
0.001000 503.068664
0.010000 449.708577
0.020000 401.091369
0.030000 361.008048
0.040000 327.479964
0.050000 299.083312
0.001000 3483.767570
0.010000 3102.592015
0.020000 2757.502965
0.030000 2474.606512
0.040000 2239.124940
0.050000 2040.520654
0.001000 4000.394960
0.010000 3407.369974
0.020000 2909.153397
0.030000 2526.371206
0.040000 2224.357687
0.050000 1980.939548
0.001000 3449.744796
0.010000 2843.078875
0.020000 2360.123785
0.030000 2005.184490
0.040000 1734.951381
0.050000 1523.323100
0.001000 1986.405469
0.010000 1604.342263
0.020000 1309.912285
0.030000 1099.080608
0.040000 941.765583
0.050000 820.532472
0.001000 7786.047645
0.010000 6572.422977
0.020000 5567.810481
0.030000 4805.490654
0.040000 4210.010080
0.050000 3734.002769
0.001000 8916.335604
0.010000 7067.211410
0.020000 5684.246501
0.030000 4716.844283
0.040000 4007.726882
0.050000 3468.845298
0.001000 7673.035385
0.010000 5809.197044
0.020000 4511.665635
0.030000 3651.740388
0.040000 3046.042934
0.050000 2599.661372
0.001000 4412.518275
0.010000 3249.044995
0.020000 2472.931713
0.030000 1974.181978
0.040000 1630.538468
0.050000 1381.440811
0.001000 13749.797544
0.010000 11029.840132
0.020000 8956.445607
0.030000 7484.395187
0.040000 6393.161129
0.050000 5556.545762
0.001000 15703.327636
0.010000 11636.621409
0.020000 8897.355008
0.030000 7124.781866
0.040000 5897.444883
0.050000 5004.513968
0.001000 13486.114290
0.010000 9440.506803
0.020000 6939.742556
0.030000 5415.142501
0.040000 4402.313092
0.050000 3687.541924
0.001000 7745.547343
0.010000 5239.657825
0.020000 3767.027723
0.030000 2898.713530
0.040000 2334.638279
0.050000 1942.894210
0.001000 21341.872227
0.010000 16308.082483
0.020000 12753.205804
0.030000 10372.180464
0.040000 8682.139369
0.050000 7429.330783
0.001000 24308.946826
0.010000 16911.577089
0.020000 12380.815682
0.030000 9635.641619
0.040000 7819.574213
0.050000 6541.812569
0.001000 20834.863901
0.010000 13561.883565
0.020000 9520.726580
0.030000 7221.258570
0.040000 5761.793882
0.050000 4764.632468
0.001000 11951.162764
0.010000 7477.076182
0.020000 5128.306075
0.030000 3837.325603
0.040000 3035.775805
0.050000 2496.360673
